   7.9999998211860657E-002  0.66531114465867425     
  0.15999999642372131       0.66402395825842986     
  0.23999999463558197       0.66371193246462667     
  0.31999999284744263       0.66358564951814369     
  0.39999999105930328       0.66371760766498067     
  0.47999998927116394       0.66387440078736326     
  0.55999998748302460       0.66406940923801372     
  0.63999998569488525       0.66376981171493354     
  0.71999998390674591       0.66354807547563022     
  0.79999998211860657       0.66351549092518847     
  0.87999998033046722       0.66362009655484033     
  0.95999997854232788       0.66371825559944109     
   1.0399999767541885       0.66380896895602537     
   1.1199999749660492       0.66391639819864534     
   1.1999999731779099       0.66397032081536977     
   1.2799999713897705       0.66395051910861980     
   1.3599999696016312       0.66392175131574704     
   1.4399999678134918       0.66388381283853770     
   1.5199999660253525       0.66384582722284968     
   1.5999999642372131       0.66376288637929393     
   1.6799999624490738       0.66368455644577407     
   1.7599999606609344       0.66359336045476047     
   1.8399999588727951       0.66351648126100193     
   1.9199999570846558       0.66345810817235662     
   1.9999999552965164       0.66336336777126459     
   2.0799999535083771       0.66331232333442702     
   2.1599999517202377       0.66322475612495613     
   2.2399999499320984       0.66314131482808336     
   2.3199999481439590       0.66305756646343927     
   2.3999999463558197       0.66303002276831791     
   2.4799999445676804       0.66303189474941260     
   2.5599999427795410       0.66300555439648634     
   2.6399999409914017       0.66292438568995471     
   2.7199999392032623       0.66281049010461823     
   2.7999999374151230       0.66266787704928065     
   2.8799999356269836       0.66254216746041350     
   2.9599999338388443       0.66242610011977276     
   3.0399999320507050       0.66237429417216576     
   3.1199999302625656       0.66233319223654630     
   3.1999999284744263       0.66227529030288845     
   3.2799999266862869       0.66224243035881680     
   3.3599999248981476       0.66219628543840847     
   3.4399999231100082       0.66215349605406504     
   3.5199999213218689       0.66206637843917016     
   3.5999999195337296       0.66195094997185788     
   3.6799999177455902       0.66181842500642207     
   3.7599999159574509       0.66166574083514007     
   3.8399999141693115       0.66149447907779790     
   3.9199999123811722       0.66131407829723443     
   3.9999999105930328       0.66114104299480048     
   4.0799999088048935       0.66098151382397474     
   4.1599999070167542       0.66082492500930834     
   4.2399999052286148       0.66072083784476021     
   4.3199999034404755       0.66060526288943666     
   4.3999999016523361       0.66049327179716155     
   4.4799998998641968       0.66040076700754535     
   4.5599998980760574       0.66034078895259996     
   4.6399998962879181       0.66029151669562847     
   4.7199998944997787       0.66023062517422215     
   4.7999998927116394       0.66015951636545844     
   4.8799998909235001       0.66009040932132446     
   4.9599998891353607       0.66003717046218235     
   5.0399998873472214       0.65998788934517871     
   5.1199998855590820       0.65993457061766370     
   5.1999998837709427       0.65988198082740745     
   5.2799998819828033       0.65985283921936011     
   5.3599998801946640       0.65981568283561209     
   5.4399998784065247       0.65977051876958948     
   5.5199998766183853       0.65969838283641502     
   5.5999998748302460       0.65966639100457314     
   5.6799998730421066       0.65964327919779220     
   5.7599998712539673       0.65963672653337913     
   5.8399998694658279       0.65963443634716135     
   5.9199998676776886       0.65961737870284565     
   5.9999998658895493       0.65957501338922275     
   6.0799998641014099       0.65953622101007658     
   6.1599998623132706       0.65947249194963820     
   6.2399998605251312       0.65937056312273545     
   6.3199998587369919       0.65926587997607733     
   6.3999998569488525       0.65913488101465989     
   6.4799998551607132       0.65898037227331863     
   6.5599998533725739       0.65882026798119442     
   6.6399998515844345       0.65869085502422287     
   6.7199998497962952       0.65853458605551307     
   6.7999998480081558       0.65840087655349855     
   6.8799998462200165       0.65825738026460467     
   6.9599998444318771       0.65812213621376014     
   7.0399998426437378       0.65798101813032261     
   7.1199998408555984       0.65781820130595947     
   7.1999998390674591       0.65767290737952455     
   7.2799998372793198       0.65753319976288593     
   7.3599998354911804       0.65740591641069257     
   7.4399998337030411       0.65727105288591381     
   7.5199998319149017       0.65712366771303310     
   7.5999998301267624       0.65695238816781765     
   7.6799998283386230       0.65680048529099400     
   7.7599998265504837       0.65667378372569096     
   7.8399998247623444       0.65652041657355209     
   7.9199998229742050       0.65636974429378403     
   7.9999998211860657       0.65627573509483006     
   8.0799998193979263       0.65619511664041541     
   8.1599998176097870       0.65611017656665205     
   8.2399998158216476       0.65602914956363600     
   8.3199998140335083       0.65595364113943644     
   8.3999998122453690       0.65589670652573850     
   8.4799998104572296       0.65583079598260807     
   8.5599998086690903       0.65576848142894395     
   8.6399998068809509       0.65570520314082592     
   8.7199998050928116       0.65563381460798986     
   8.7999998033046722       0.65555472755402389     
   8.8799998015165329       0.65547152025007172     
   8.9599997997283936       0.65536204432748557     
   9.0399997979402542       0.65525045447248420     
   9.1199997961521149       0.65514572549315331     
   9.1999997943639755       0.65506443450246676     
   9.2799997925758362       0.65499002611358259     
   9.3599997907876968       0.65491490675495034     
   9.4399997889995575       0.65483231119705687     
   9.5199997872114182       0.65473739223475502     
   9.5999997854232788       0.65464540525758030     
   9.6799997836351395       0.65456119368919752     
   9.7599997818470001       0.65447844297889846     
   9.8399997800588608       0.65440364802980389     
   9.9199997782707214       0.65431557242148275     
   9.9999997764825821       0.65421016598059145     
   10.079999774694443       0.65409898425485669     
   10.159999772906303       0.65399626059240068     
   10.239999771118164       0.65389311702341824     
   10.319999769330025       0.65379556883633394     
   10.399999767541885       0.65367460204672523     
   10.479999765753746       0.65356797878782213     
   10.559999763965607       0.65345756628256002     
   10.639999762177467       0.65336413209762811     
   10.719999760389328       0.65329120551180875     
   10.799999758601189       0.65323545954519546     
   10.879999756813049       0.65317732986056376     
   10.959999755024910       0.65310501900044726     
   11.039999753236771       0.65303195043471240     
   11.119999751448631       0.65294571970953930     
   11.199999749660492       0.65286802654101006     
   11.279999747872353       0.65279899048905143     
   11.359999746084213       0.65273286457785151     
   11.439999744296074       0.65266415780189058     
   11.519999742507935       0.65260993713416227     
   11.599999740719795       0.65253611484397545     
   11.679999738931656       0.65247465884013112     
   11.759999737143517       0.65242013327418191     
   11.839999735355377       0.65237462869152874     
   11.919999733567238       0.65233841522788827     
   11.999999731779099       0.65232178373424043     
   12.079999729990959       0.65229360403474157     
   12.159999728202820       0.65227284704871658     
   12.239999726414680       0.65225618044627476     
   12.319999724626541       0.65222965038487091     
   12.399999722838402       0.65220941688791856     
   12.479999721050262       0.65217901808469114     
   12.559999719262123       0.65215312212382925     
   12.639999717473984       0.65211948111874829     
   12.719999715685844       0.65209071659165674     
   12.799999713897705       0.65205321081823742     
   12.879999712109566       0.65202122391396811     
   12.959999710321426       0.65199620289597371     
   13.039999708533287       0.65197796784241202     
   13.119999706745148       0.65196427685272074     
   13.199999704957008       0.65197408503446774     
   13.279999703168869       0.65199600913817113     
   13.359999701380730       0.65201114130528115     
   13.439999699592590       0.65201932722705536     
   13.519999697804451       0.65199680199617627     
   13.599999696016312       0.65197121298982963     
   13.679999694228172       0.65194343583526271     
   13.759999692440033       0.65190305589470676     
   13.839999690651894       0.65185269079342223     
   13.919999688863754       0.65180270533699813     
   13.999999687075615       0.65174786318291478     
   14.079999685287476       0.65168731098171473     
   14.159999683499336       0.65162997289283575     
   14.239999681711197       0.65157946424407154     
   14.319999679923058       0.65151716209305677     
   14.399999678134918       0.65146654210702470     
   14.479999676346779       0.65141281491896641     
   14.559999674558640       0.65136890096969513     
   14.639999672770500       0.65132774094125345     
   14.719999670982361       0.65128511942549450     
   14.799999669194221       0.65126482222417192     
   14.879999667406082       0.65124624855219515     
   14.959999665617943       0.65122465909886007     
   15.039999663829803       0.65119904676055773     
   15.119999662041664       0.65117749564204896     
   15.199999660253525       0.65116408391802638     
   15.279999658465385       0.65115196248812934     
   15.359999656677246       0.65113876261834402     
   15.439999654889107       0.65111826516524807     
   15.519999653100967       0.65111339477613972     
   15.599999651312828       0.65109871125447860     
   15.679999649524689       0.65108079991382450     
   15.759999647736549       0.65105948320504670     
   15.839999645948410       0.65103805149512584     
   15.919999644160271       0.65100552856451477     
   15.999999642372131       0.65097070109643052     
   16.079999640583992       0.65092981095945035     
   16.159999638795853       0.65088287932806543     
   16.239999637007713       0.65083475367013222     
   16.319999635219574       0.65078680691755653     
   16.399999633431435       0.65073863661102394     
   16.479999631643295       0.65069337230233826     
   16.559999629855156       0.65067118304183058     
   16.639999628067017       0.65064703317021311     
   16.719999626278877       0.65062331282241648     
   16.799999624490738       0.65059209685041730     
   16.879999622702599       0.65057081225636537     
   16.959999620914459       0.65054590004665858     
   17.039999619126320       0.65051817673953760     
   17.119999617338181       0.65048603933885818     
   17.199999615550041       0.65045203851084854     
   17.279999613761902       0.65042537938599110     
   17.359999611973763       0.65040338602515402     
   17.439999610185623       0.65037342093712236     
   17.519999608397484       0.65033555563725054     
   17.599999606609344       0.65028987040727759     
   17.679999604821205       0.65024185954310754     
   17.759999603033066       0.65018566904474762     
   17.839999601244926       0.65010590379929811     
   17.919999599456787       0.65001991318271579     
   17.999999597668648       0.64993630071453456     
   18.079999595880508       0.64983272995252295     
   18.159999594092369       0.64972820163505285     
   18.239999592304230       0.64962679562391146     
   18.319999590516090       0.64952250212991258     
   18.399999588727951       0.64941473106049430     
   18.479999586939812       0.64929791532127545     
   18.559999585151672       0.64917509311936650     
   18.639999583363533       0.64905529340332302     
   18.719999581575394       0.64892853847286891     
   18.799999579787254       0.64880120974420674     
   18.879999577999115       0.64867984508180687     
   18.959999576210976       0.64855126642213445     
   19.039999574422836       0.64841381757632033     
   19.119999572634697       0.64828056322628358     
   19.199999570846558       0.64815435059243764     
   19.279999569058418       0.64802401036979840     
   19.359999567270279       0.64789167286644767     
   19.439999565482140       0.64775700677085102     
   19.519999563694000       0.64763515848204922     
   19.599999561905861       0.64750505333191155     
   19.679999560117722       0.64738714213263981     
   19.759999558329582       0.64727143677607701     
   19.839999556541443       0.64715113687299264     
   19.919999554753304       0.64704095128872929     
   19.999999552965164       0.64694247790809756     
   20.079999551177025       0.64684560848115891     
   20.159999549388885       0.64673327296154903     
   20.239999547600746       0.64663195943598895     
   20.319999545812607       0.64652554699637843     
   20.399999544024467       0.64642402980838487     
   20.479999542236328       0.64632105679874496     
   20.559999540448189       0.64622269282184008     
   20.639999538660049       0.64612090634243824     
   20.719999536871910       0.64601758336412851     
   20.799999535083771       0.64591660957731634     
   20.879999533295631       0.64581437149263443     
   20.959999531507492       0.64570823890697016     
   21.039999529719353       0.64561528564290493     
   21.119999527931213       0.64552409941896538     
   21.199999526143074       0.64543523726600072     
   21.279999524354935       0.64535392897431632     
   21.359999522566795       0.64527938603064294     
   21.439999520778656       0.64520213633053336     
   21.519999518990517       0.64512380887660969     
   21.599999517202377       0.64505600249146089     
   21.679999515414238       0.64498453125874711     
   21.759999513626099       0.64490715859399605     
   21.839999511837959       0.64482060604809266     
   21.919999510049820       0.64472928804041330     
   21.999999508261681       0.64464936183318122     
   22.079999506473541       0.64456060076454003     
   22.159999504685402       0.64447086239733919     
   22.239999502897263       0.64438456202923788     
   22.319999501109123       0.64429064011081338     
   22.399999499320984       0.64420456999436881     
   22.479999497532845       0.64411377698108641     
   22.559999495744705       0.64401794488585362     
   22.639999493956566       0.64391815273616448     
   22.719999492168427       0.64383359793029837     
   22.799999490380287       0.64375420033988717     
   22.879999488592148       0.64367486006773578     
   22.959999486804008       0.64359170856495995     
   23.039999485015869       0.64351404530829570     
   23.119999483227730       0.64345354890430317     
   23.199999481439590       0.64339172981872195     
   23.279999479651451       0.64333922717265735     
   23.359999477863312       0.64329857334999019     
   23.439999476075172       0.64325375899689285     
   23.519999474287033       0.64320429297555759     
   23.599999472498894       0.64315348633725400     
   23.679999470710754       0.64310944064291375     
   23.759999468922615       0.64305462546805325     
   23.839999467134476       0.64299799043945349     
   23.919999465346336       0.64295513393587644     
   23.999999463558197       0.64292178902886288     
   24.079999461770058       0.64289255424042979     
   24.159999459981918       0.64285969531422116     
   24.239999458193779       0.64282862221308779     
   24.319999456405640       0.64279167331996312     
   24.399999454617500       0.64274946563158175     
   24.479999452829361       0.64270271322781436     
   24.559999451041222       0.64265341531948283     
   24.639999449253082       0.64259835747630356     
   24.719999447464943       0.64255134414784099     
   24.799999445676804       0.64251073240086132     
   24.879999443888664       0.64245848778142722     
   24.959999442100525       0.64241754798786688     
   25.039999440312386       0.64237913581983330     
   25.119999438524246       0.64234070728064918     
   25.199999436736107       0.64230179172388657     
   25.279999434947968       0.64226213703388280     
   25.359999433159828       0.64221027698560018     
   25.439999431371689       0.64215812995504895     
   25.519999429583549       0.64211329326307376     
   25.599999427795410       0.64207043988979251     
   25.679999426007271       0.64202925987229686     
   25.759999424219131       0.64199104319160649     
   25.839999422430992       0.64195720171452475     
   25.919999420642853       0.64193691868944680     
   25.999999418854713       0.64191588043452763     
   26.079999417066574       0.64189363474209360     
   26.159999415278435       0.64185660581380266     
   26.239999413490295       0.64181376531677681     
   26.319999411702156       0.64177383998206816     
   26.399999409914017       0.64173322240875319     
   26.479999408125877       0.64167545915080471     
   26.559999406337738       0.64161453754054587     
   26.639999404549599       0.64155115924517669     
   26.719999402761459       0.64148910035286355     
   26.799999400973320       0.64143973768176266     
   26.879999399185181       0.64138638238678669     
   26.959999397397041       0.64133090115463520     
   27.039999395608902       0.64126913714213130     
   27.119999393820763       0.64121538042125470     
   27.199999392032623       0.64116245619853751     
   27.279999390244484       0.64110490200744430     
   27.359999388456345       0.64103976968882348     
   27.439999386668205       0.64096834476516107     
   27.519999384880066       0.64089338107829119     
   27.599999383091927       0.64081259479710373     
   27.679999381303787       0.64073079536305677     
   27.759999379515648       0.64066025761598000     
   27.839999377727509       0.64059383792711211     
   27.919999375939369       0.64052154638499670     
   27.999999374151230       0.64045690421585644     
   28.079999372363091       0.64039553569942986     
   28.159999370574951       0.64033591738706386     
   28.239999368786812       0.64027557631665810     
   28.319999366998672       0.64022117988403027     
   28.399999365210533       0.64017543198142124     
   28.479999363422394       0.64014153613262370     
   28.559999361634254       0.64010754984027907     
   28.639999359846115       0.64007256450845695     
   28.719999358057976       0.64002365036765707     
   28.799999356269836       0.63997933287588149     
   28.879999354481697       0.63992457470978881     
   28.959999352693558       0.63987027119929529     
   29.039999350905418       0.63982115978614529     
   29.119999349117279       0.63976725451420369     
   29.199999347329140       0.63971120339994214     
   29.279999345541000       0.63966816325427467     
   29.359999343752861       0.63962665457497769     
   29.439999341964722       0.63959198266319928     
   29.519999340176582       0.63956691784455588     
   29.599999338388443       0.63955159735551736     
   29.679999336600304       0.63953969450584647     
   29.759999334812164       0.63952470761583968     
   29.839999333024025       0.63949896524564898     
   29.919999331235886       0.63947584661917045     
   29.999999329447746       0.63945522570528512     
   30.079999327659607       0.63943275454440662     
   30.159999325871468       0.63941879835557336     
   30.239999324083328       0.63939920182580445     
   30.319999322295189       0.63938157036345467     
   30.399999320507050       0.63936035493988752     
   30.479999318718910       0.63933910302440844     
   30.559999316930771       0.63931069569380550     
   30.639999315142632       0.63928582540218681     
   30.719999313354492       0.63926711548198911     
   30.799999311566353       0.63923646359120967     
   30.879999309778214       0.63918922003503198     
   30.959999307990074       0.63914304812679112     
   31.039999306201935       0.63910144819174974     
   31.119999304413795       0.63906152817592199     
   31.199999302625656       0.63902750502731986     
   31.279999300837517       0.63900036392785231     
   31.359999299049377       0.63897009202246335     
   31.439999297261238       0.63893684595550071     
   31.519999295473099       0.63890289080618767     
   31.599999293684959       0.63887637306912570     
   31.679999291896820       0.63884606382012121     
   31.759999290108681       0.63881871647816024     
   31.839999288320541       0.63878809121981717     
   31.919999286532402       0.63875390228745266     
   31.999999284744263       0.63871472225389680     
   32.079999282956123       0.63866881356005356     
   32.159999281167984       0.63862630083096894     
   32.239999279379845       0.63858495969047657     
   32.319999277591705       0.63853858459110968     
   32.399999275803566       0.63849362024744505     
   32.479999274015427       0.63844164005356241     
   32.559999272227287       0.63839540362360669     
   32.639999270439148       0.63833933635727580     
   32.719999268651009       0.63828869102406627     
   32.799999266862869       0.63823581828175857     
   32.879999265074730       0.63818969017506533     
   32.959999263286591       0.63815335596040990     
   33.039999261498451       0.63811757954983561     
   33.119999259710312       0.63808044273935305     
   33.199999257922173       0.63805019046805989     
   33.279999256134033       0.63801441186589669     
   33.359999254345894       0.63798158315181308     
   33.439999252557755       0.63795073628833365     
   33.519999250769615       0.63791715669474380     
   33.599999248981476       0.63789808193719377     
   33.679999247193336       0.63788021128181804     
   33.759999245405197       0.63786667008961262     
   33.839999243617058       0.63785528633363253     
   33.919999241828918       0.63783493123602064     
   33.999999240040779       0.63782053521489324     
   34.079999238252640       0.63780015818248126     
   34.159999236464500       0.63778193240182990     
   34.239999234676361       0.63775337104380925     
   34.319999232888222       0.63772589720601469     
   34.399999231100082       0.63769862369504859     
   34.479999229311943       0.63767897690224395     
   34.559999227523804       0.63766895273078461     
   34.639999225735664       0.63765100678004261     
   34.719999223947525       0.63764604384496071     
   34.799999222159386       0.63763846492816367     
   34.879999220371246       0.63762501226000912     
   34.959999218583107       0.63760947281372859     
   35.039999216794968       0.63758416253312911     
   35.119999215006828       0.63756410443737832     
   35.199999213218689       0.63753753880453568     
   35.279999211430550       0.63750571348594331     
   35.359999209642410       0.63748929458138981     
   35.439999207854271       0.63747057890367753     
   35.519999206066132       0.63745443204467100     
   35.599999204277992       0.63743581333558574     
   35.679999202489853       0.63741841236690877     
   35.759999200701714       0.63741218963304280     
   35.839999198913574       0.63740894019037464     
   35.919999197125435       0.63740708371864396     
   35.999999195337296       0.63740924994488013     
   36.079999193549156       0.63739854693071352     
   36.159999191761017       0.63738558123348033     
   36.239999189972878       0.63737761360882117     
   36.319999188184738       0.63738532665557701     
   36.399999186396599       0.63740203119126637     
   36.479999184608459       0.63741549977231848     
   36.559999182820320       0.63743567558082226     
   36.639999181032181       0.63745473655381801     
   36.719999179244041       0.63747812189962838     
   36.799999177455902       0.63751127348787406     
   36.879999175667763       0.63754105379427406     
   36.959999173879623       0.63757107838539362     
   37.039999172091484       0.63760317063801708     
   37.119999170303345       0.63762966374966623     
   37.199999168515205       0.63766414923833759     
   37.279999166727066       0.63769076574497308     
   37.359999164938927       0.63771246519328795     
   37.439999163150787       0.63773148392593115     
   37.519999161362648       0.63774045704317617     
   37.599999159574509       0.63774228844146119     
   37.679999157786369       0.63774270994849491     
   37.759999155998230       0.63774606277278356     
   37.839999154210091       0.63775276375348777     
   37.919999152421951       0.63775997785021776     
   37.999999150633812       0.63776239172566918     
   38.079999148845673       0.63776448041623712     
   38.159999147057533       0.63776834201587973     
   38.239999145269394       0.63776139204361371     
   38.319999143481255       0.63775510060564944     
   38.399999141693115       0.63775419206853801     
   38.479999139904976       0.63775271396684996     
   38.559999138116837       0.63774093197617232     
   38.639999136328697       0.63773095431886484     
   38.719999134540558       0.63772016448005198     
   38.799999132752419       0.63770357773111275     
   38.879999130964279       0.63767482027213973     
   38.959999129176140       0.63764037138633589     
   39.039999127388000       0.63760364057133878     
   39.119999125599861       0.63757117064835767     
   39.199999123811722       0.63753625428946803     
   39.279999122023582       0.63749172929585163     
   39.359999120235443       0.63744226961379824     
   39.439999118447304       0.63739801915472372     
   39.519999116659164       0.63735420714510371     
   39.599999114871025       0.63732101882354319     
   39.679999113082886       0.63729189275349774     
   39.759999111294746       0.63728425660075161     
   39.839999109506607       0.63727951799322247     
   39.919999107718468       0.63727242262213291     
   39.999999105930328       0.63727747229411147     
   40.079999104142189       0.63728736802596153     
   40.159999102354050       0.63729380164334903     
   40.239999100565910       0.63729417440327607     
   40.319999098777771       0.63729381289908715     
   40.399999096989632       0.63728489684092815     
   40.479999095201492       0.63728665263623563     
   40.559999093413353       0.63728717134248081     
   40.639999091625214       0.63728464481139968     
   40.719999089837074       0.63726652711203025     
   40.799999088048935       0.63724557323771991     
   40.879999086260796       0.63722437143901012     
   40.959999084472656       0.63720709961962985     
   41.039999082684517       0.63718032226853660     
   41.119999080896378       0.63715217175323413     
   41.199999079108238       0.63712243766993337     
   41.279999077320099       0.63709135441569364     
   41.359999075531960       0.63706012049949134     
   41.439999073743820       0.63702262192703685     
   41.519999071955681       0.63697433417312110     
   41.599999070167542       0.63692617836492771     
   41.679999068379402       0.63688364285569388     
   41.759999066591263       0.63683098425590645     
   41.839999064803123       0.63677707550889784     
   41.919999063014984       0.63673225707935877     
   41.999999061226845       0.63668708098711280     
   42.079999059438705       0.63662879809775641     
   42.159999057650566       0.63657029309072066     
   42.239999055862427       0.63650599555333953     
   42.319999054074287       0.63643977654578454     
   42.399999052286148       0.63637090841858135     
   42.479999050498009       0.63630236919179739     
   42.559999048709869       0.63622680675451981     
   42.639999046921730       0.63615624625356093     
   42.719999045133591       0.63609800457523924     
   42.799999043345451       0.63603561656495355     
   42.879999041557312       0.63595890667674093     
   42.959999039769173       0.63588319090256484     
   43.039999037981033       0.63581152844704669     
   43.119999036192894       0.63574229416190919     
   43.199999034404755       0.63568308345480384     
   43.279999032616615       0.63563018379179170     
   43.359999030828476       0.63556968692643978     
   43.439999029040337       0.63551982237833626     
   43.519999027252197       0.63546449277377226     
   43.599999025464058       0.63540856786912359     
   43.679999023675919       0.63533996468100273     
   43.759999021887779       0.63526244878157601     
   43.839999020099640       0.63518696379597162     
   43.919999018311501       0.63510652561211778     
   43.999999016523361       0.63503623998637793     
   44.079999014735222       0.63496500443369130     
   44.159999012947083       0.63489516976191895     
   44.239999011158943       0.63483761212356005     
   44.319999009370804       0.63478463075287006     
   44.399999007582664       0.63471297289089945     
   44.479999005794525       0.63463188881775501     
   44.559999004006386       0.63454707767252982     
   44.639999002218246       0.63447175597263961     
   44.719999000430107       0.63440666313236072     
   44.799998998641968       0.63434011314016436     
   44.879998996853828       0.63428108750238554     
   44.959998995065689       0.63422614544735145     
   45.039998993277550       0.63416915746503932     
   45.119998991489410       0.63410812957398688     
   45.199998989701271       0.63404907900720830     
   45.279998987913132       0.63399630264996221     
   45.359998986124992       0.63395245776991849     
   45.439998984336853       0.63390721116890503     
   45.519998982548714       0.63386043475440934     
   45.599998980760574       0.63381341169992733     
   45.679998978972435       0.63376594600258684     
   45.759998977184296       0.63372756605492964     
   45.839998975396156       0.63368394437307585     
   45.919998973608017       0.63364191850638696     
   45.999998971819878       0.63359038911969090     
   46.079998970031738       0.63353908681955284     
   46.159998968243599       0.63348979237174052     
   46.239998966455460       0.63344015791789476     
   46.319998964667320       0.63339680419332678     
   46.399998962879181       0.63335741678715585     
   46.479998961091042       0.63331255208323323     
   46.559998959302902       0.63326311356464571     
   46.639998957514763       0.63321883183020011     
   46.719998955726624       0.63317126290408254     
   46.799998953938484       0.63313317367944988     
   46.879998952150345       0.63309372185587254     
   46.959998950362206       0.63304422999573728     
   47.039998948574066       0.63299638081636245     
   47.119998946785927       0.63294852378344968     
   47.199998944997787       0.63289873368374905     
   47.279998943209648       0.63284342906430491     
   47.359998941421509       0.63278133228797051     
   47.439998939633369       0.63272078457678083     
   47.519998937845230       0.63266344613698833     
   47.599998936057091       0.63261404598579407     
   47.679998934268951       0.63254851136108992     
   47.759998932480812       0.63248915933071337     
   47.839998930692673       0.63243329335576814     
   47.919998928904533       0.63237981236308072     
   47.999998927116394       0.63232203461300518     
   48.079998925328255       0.63225086323633417     
   48.159998923540115       0.63217666211463708     
   48.239998921751976       0.63210812301418529     
   48.319998919963837       0.63204525770620346     
   48.399998918175697       0.63198218283999319     
   48.479998916387558       0.63191819361483947     
   48.559998914599419       0.63185594027708802     
   48.639998912811279       0.63179329031277143     
   48.719998911023140       0.63172214708798546     
   48.799998909235001       0.63164806938879603     
   48.879998907446861       0.63157928095699345     
   48.959998905658722       0.63150959734303014     
   49.039998903870583       0.63144228678450509     
   49.119998902082443       0.63138066002561766     
   49.199998900294304       0.63130974953661390     
   49.279998898506165       0.63123970635956939     
   49.359998896718025       0.63116909568544854     
   49.439998894929886       0.63108997878247208     
   49.519998893141747       0.63099835932722059     
   49.599998891353607       0.63090536291472721     
   49.679998889565468       0.63080192063485430     
   49.759998887777328       0.63070663330749388     
   49.839998885989189       0.63061641571318983     
   49.919998884201050       0.63052374154344004     
   49.999998882412910       0.63043764623023224     
   50.079998880624771       0.63034410829103682     
   50.159998878836632       0.63025593905840072     
   50.239998877048492       0.63015519056261970     
   50.319998875260353       0.63005396654804868     
   50.399998873472214       0.62996311281129369     
   50.479998871684074       0.62987028436957049     
   50.559998869895935       0.62976719951613447     
   50.639998868107796       0.62967112409273784     
   50.719998866319656       0.62957687997075029     
   50.799998864531517       0.62947823517503509     
   50.879998862743378       0.62937482236936981     
   50.959998860955238       0.62927163469416802     
   51.039998859167099       0.62916408714432881     
   51.119998857378960       0.62905467541639737     
   51.199998855590820       0.62893940159582484     
   51.279998853802681       0.62881779242627822     
   51.359998852014542       0.62867857529516591     
   51.439998850226402       0.62853521803307411     
   51.519998848438263       0.62839461004546904     
   51.599998846650124       0.62826289721618689     
   51.679998844861984       0.62812890682212830     
   51.759998843073845       0.62799292839023313     
   51.839998841285706       0.62786699885455666     
   51.919998839497566       0.62773540326256649     
   51.999998837709427       0.62760354258214923     
   52.079998835921288       0.62748278838093208     
   52.159998834133148       0.62735744198186782     
   52.239998832345009       0.62723445805740630     
   52.319998830556870       0.62712522558125927     
   52.399998828768730       0.62702591970822785     
   52.479998826980591       0.62694068608513998     
   52.559998825192451       0.62685397690688793     
   52.639998823404312       0.62678072004917729     
   52.719998821616173       0.62670935787236337     
   52.799998819828033       0.62662311652257352     
   52.879998818039894       0.62653111081755342     
   52.959998816251755       0.62643742508177769     
   53.039998814463615       0.62635207524981507     
   53.119998812675476       0.62627567334961953     
   53.199998810887337       0.62619579973228223     
   53.279998809099197       0.62612936406171571     
   53.359998807311058       0.62606254089207047     
   53.439998805522919       0.62600857491469286     
   53.519998803734779       0.62595542592454645     
   53.599998801946640       0.62589820481761416     
   53.679998800158501       0.62584718940538653     
   53.759998798370361       0.62579275706090443     
   53.839998796582222       0.62573894508114347     
   53.919998794794083       0.62569341453284655     
   53.999998793005943       0.62563379022162624     
   54.079998791217804       0.62557041158228255     
   54.159998789429665       0.62551166455727947     
   54.239998787641525       0.62544814386116143     
   54.319998785853386       0.62537519570305056     
   54.399998784065247       0.62529288821847173     
   54.479998782277107       0.62521762064841813     
   54.559998780488968       0.62514598815763389     
   54.639998778700829       0.62507237527401338     
   54.719998776912689       0.62500258096583450     
   54.799998775124550       0.62494126530935612     
   54.879998773336411       0.62489248479623105     
   54.959998771548271       0.62484935569390743     
   55.039998769760132       0.62480785622723889     
   55.119998767971992       0.62476455514273022     
   55.199998766183853       0.62472707830936325     
   55.279998764395714       0.62469051475616455     
   55.359998762607574       0.62465229858309379     
   55.439998760819435       0.62461096179917630     
   55.519998759031296       0.62455256122540759     
   55.599998757243156       0.62448843410196819     
   55.679998755455017       0.62442800072456950     
   55.759998753666878       0.62436761229384341     
   55.839998751878738       0.62430189837735361     
   55.919998750090599       0.62424293488004279     
   55.999998748302460       0.62416874874119943     
   56.079998746514320       0.62408789879194182     
   56.159998744726181       0.62399669043966688     
   56.239998742938042       0.62390987000880949     
   56.319998741149902       0.62382009985303599     
   56.399998739361763       0.62374184774577524     
   56.479998737573624       0.62366910430743316     
   56.559998735785484       0.62361051152459990     
   56.639998733997345       0.62355962349752070     
   56.719998732209206       0.62351944151468097     
   56.799998730421066       0.62348421009544785     
   56.879998728632927       0.62344738885998596     
   56.959998726844788       0.62340137263652318     
   57.039998725056648       0.62336183436843551     
   57.119998723268509       0.62331961288697502     
   57.199998721480370       0.62327789900288344     
   57.279998719692230       0.62324317822091080     
   57.359998717904091       0.62321728206277693     
   57.439998716115952       0.62319414326969536     
   57.519998714327812       0.62318075437446996     
   57.599998712539673       0.62317443702328223     
   57.679998710751534       0.62317438804495551     
   57.759998708963394       0.62316022278502980     
   57.839998707175255       0.62315666014728366     
   57.919998705387115       0.62316080247031502     
   57.999998703598976       0.62315619909248310     
   58.079998701810837       0.62313686600590079     
   58.159998700022697       0.62312051754458087     
   58.239998698234558       0.62309690170906096     
   58.319998696446419       0.62307709208082673     
   58.399998694658279       0.62307035064295480     
   58.479998692870140       0.62305616945848830     
   58.559998691082001       0.62303893401616373     
   58.639998689293861       0.62300819147670394     
   58.719998687505722       0.62297962210559599     
   58.799998685717583       0.62294809347088065     
   58.879998683929443       0.62291367872963788     
   58.959998682141304       0.62287706854365565     
   59.039998680353165       0.62283336321721416     
   59.119998678565025       0.62279579211412872     
   59.199998676776886       0.62274874685770532     
   59.279998674988747       0.62269717043288020     
   59.359998673200607       0.62263732369184155     
   59.439998671412468       0.62257557748309345     
   59.519998669624329       0.62253544586028231     
   59.599998667836189       0.62250561459160225     
   59.679998666048050       0.62247455017833009     
   59.759998664259911       0.62244760672716948     
   59.839998662471771       0.62240491955400834     
   59.919998660683632       0.62235306747406804     
   59.999998658895493       0.62229488464523319     
   60.079998657107353       0.62223283727162237     
   60.159998655319214       0.62216657531774988     
   60.239998653531075       0.62210603322869107     
   60.319998651742935       0.62204128094621280     
   60.399998649954796       0.62197860848300512     
   60.479998648166656       0.62193080426126279     
   60.559998646378517       0.62189618560048965     
   60.639998644590378       0.62188658812604880     
   60.719998642802238       0.62189094848605908     
   60.799998641014099       0.62189424738064469     
   60.879998639225960       0.62189414702289847     
   60.959998637437820       0.62189437344835730     
   61.039998635649681       0.62188750669425785     
   61.119998633861542       0.62186906467769343     
   61.199998632073402       0.62185044763476083     
   61.279998630285263       0.62185234985492766     
   61.359998628497124       0.62186495378100837     
   61.439998626708984       0.62189363647444551     
   61.519998624920845       0.62191612769928306     
   61.599998623132706       0.62193108190519497     
   61.679998621344566       0.62194143868081009     
   61.759998619556427       0.62195443596944788     
   61.839998617768288       0.62196408736436104     
   61.919998615980148       0.62196484191141199     
   61.999998614192009       0.62196366655245250     
   62.079998612403870       0.62197330294649800     
   62.159998610615730       0.62197995298072561     
   62.239998608827591       0.62198322135257411     
   62.319998607039452       0.62197837438928605     
   62.399998605251312       0.62197402215943087     
   62.479998603463173       0.62195574914786167     
   62.559998601675034       0.62194433134504123     
   62.639998599886894       0.62191756567059009     
   62.719998598098755       0.62189523626409249     
   62.799998596310616       0.62186367788878161     
   62.879998594522476       0.62184306767302666     
   62.959998592734337       0.62181992282459042     
   63.039998590946198       0.62180549639619809     
   63.119998589158058       0.62179802760679814     
   63.199998587369919       0.62179086203387846     
   63.279998585581779       0.62178958774645754     
   63.359998583793640       0.62177544455631761     
   63.439998582005501       0.62174896511443323     
   63.519998580217361       0.62172794529105002     
   63.599998578429222       0.62170762096464804     
   63.679998576641083       0.62170347475021248     
   63.759998574852943       0.62167756921948847     
   63.839998573064804       0.62164198028301432     
   63.919998571276665       0.62160762898411737     
   63.999998569488525       0.62158418371593260     
   64.079998567700386       0.62156294868962625     
   64.159998565912247       0.62154670529833012     
   64.239998564124107       0.62151134210112813     
   64.319998562335968       0.62145902103979478     
   64.399998560547829       0.62142553067299477     
   64.479998558759689       0.62139795240393647     
   64.559998556971550       0.62137758510719887     
   64.639998555183411       0.62136219313933150     
   64.719998553395271       0.62134649657534535     
   64.799998551607132       0.62134474099984194     
   64.879998549818993       0.62135402395474915     
   64.959998548030853       0.62135724245972646     
   65.039998546242714       0.62134298612715244     
   65.119998544454575       0.62131943354122887     
   65.199998542666435       0.62130926750510507     
   65.279998540878296       0.62129750726463906     
   65.359998539090157       0.62130439227257672     
   65.439998537302017       0.62131023244855232     
   65.519998535513878       0.62131487236887228     
   65.599998533725739       0.62131410076691007     
   65.679998531937599       0.62131055302685412     
   65.759998530149460       0.62129751154773238     
   65.839998528361320       0.62127256572134293     
   65.919998526573181       0.62123569358378239     
   65.999998524785042       0.62119270884246458     
   66.079998522996902       0.62115251410237904     
   66.159998521208763       0.62111189739713346     
   66.239998519420624       0.62106642815482815     
   66.319998517632484       0.62102944281013306     
   66.399998515844345       0.62098582496097132     
   66.479998514056206       0.62094632108937342     
   66.559998512268066       0.62088991118626058     
   66.639998510479927       0.62082782198500186     
   66.719998508691788       0.62075567792697428     
   66.799998506903648       0.62064955481184492     
   66.879998505115509       0.62054327354779626     
   66.959998503327370       0.62042637193756822     
   67.039998501539230       0.62030013059891287     
   67.119998499751091       0.62017319094684398     
   67.199998497962952       0.62006218847860950     
   67.279998496174812       0.61996599212937065     
   67.359998494386673       0.61988206688654712     
   67.439998492598534       0.61979788256154666     
   67.519998490810394       0.61969999053202263     
   67.599998489022255       0.61959297724306206     
   67.679998487234116       0.61947503471798759     
   67.759998485445976       0.61936627589752224     
   67.839998483657837       0.61924164920869440     
   67.919998481869698       0.61912417203920167     
   67.999998480081558       0.61899939640702195     
   68.079998478293419       0.61887076870487712     
   68.159998476505280       0.61873589232220449     
   68.239998474717140       0.61858421158602872     
   68.319998472929001       0.61843940730667801     
   68.399998471140862       0.61830216948046979     
   68.479998469352722       0.61817317900267010     
   68.559998467564583       0.61806605088566080     
   68.639998465776443       0.61797349182185501     
   68.719998463988304       0.61790772251238091     
   68.799998462200165       0.61783766246117888     
   68.879998460412025       0.61775392734517409     
   68.959998458623886       0.61765498507755179     
   69.039998456835747       0.61756623092721541     
   69.119998455047607       0.61748497312075679     
   69.199998453259468       0.61738498181563350     
   69.279998451471329       0.61729938471436829     
   69.359998449683189       0.61720309492046355     
   69.439998447895050       0.61712647216165240     
   69.519998446106911       0.61702879867295346     
   69.599998444318771       0.61693185801182338     
   69.679998442530632       0.61685382133499722     
   69.759998440742493       0.61678838443036033     
   69.839998438954353       0.61673232107453635     
   69.919998437166214       0.61667516451822990     
   69.999998435378075       0.61662652613214242     
   70.079998433589935       0.61659084301456391     
   70.159998431801796       0.61656271905441196     
   70.239998430013657       0.61652074810319202     
   70.319998428225517       0.61648295572802014     
   70.399998426437378       0.61646599153422577     
   70.479998424649239       0.61644762736300385     
   70.559998422861099       0.61645249790380963     
   70.639998421072960       0.61645603799488402     
   70.719998419284821       0.61643927195973736     
   70.799998417496681       0.61641681815456328     
   70.879998415708542       0.61637859427101360     
   70.959998413920403       0.61632918799381242     
   71.039998412132263       0.61627755658994732     
   71.119998410344124       0.61618500302711798     
   71.199998408555984       0.61610298318101664     
   71.279998406767845       0.61599787500938930     
   71.359998404979706       0.61590734493927435     
   71.439998403191566       0.61578285150292678     
   71.519998401403427       0.61566980105116953     
   71.599998399615288       0.61554222490043653     
   71.679998397827148       0.61542722500701297     
   71.759998396039009       0.61532447885752550     
   71.839998394250870       0.61520931942267132     
   71.919998392462730       0.61511091521898631     
   71.999998390674591       0.61501761809514965     
   72.079998388886452       0.61492949160253241     
   72.159998387098312       0.61481940510927335     
   72.239998385310173       0.61473452695143482     
   72.319998383522034       0.61463408991870405     
   72.399998381733894       0.61451864837049341     
   72.479998379945755       0.61439612265638244     
   72.559998378157616       0.61428773394757941     
   72.639998376369476       0.61414466320205607     
   72.719998374581337       0.61402950834870118     
   72.799998372793198       0.61392452984291590     
   72.879998371005058       0.61383880833175453     
   72.959998369216919       0.61374485320366223     
   73.039998367428780       0.61364600148950255     
   73.119998365640640       0.61357549749401996     
   73.199998363852501       0.61351237026844530     
   73.279998362064362       0.61345657333485992     
   73.359998360276222       0.61339771207606864     
   73.439998358488083       0.61333734445308496     
   73.519998356699944       0.61327435933790264     
   73.599998354911804       0.61319987927384922     
   73.679998353123665       0.61312184776003753     
   73.759998351335526       0.61302826435548985     
   73.839998349547386       0.61300217340680219     
   73.919998347759247       0.61292593171104792     
   73.999998345971107       0.61287658900980446     
   74.079998344182968       0.61283811175837721     
   74.159998342394829       0.61281426109077897     
   74.239998340606689       0.61278757430248176     
   74.319998338818550       0.61281687256867456     
   74.399998337030411       0.61286208931719333     
   74.479998335242271       0.61289186821826591     
   74.559998333454132       0.61291452947386860     
   74.639998331665993       0.61296578349961228     
   74.719998329877853       0.61303702135477456     
   74.799998328089714       0.61308860886503236     
   74.879998326301575       0.61315249509285485     
   74.959998324513435       0.61321769107594415     
   75.039998322725296       0.61328445997504022     
   75.119998320937157       0.61330495358299064     
   75.199998319149017       0.61335269238946744     
   75.279998317360878       0.61343484313517871     
   75.359998315572739       0.61354133335880812     
   75.439998313784599       0.61364312139751587     
   75.519998311996460       0.61375766005899191     
   75.599998310208321       0.61383525316075060     
   75.679998308420181       0.61390694535874268     
   75.759998306632042       0.61399218327448479     
   75.839998304843903       0.61409315602093528     
   75.919998303055763       0.61416995479707470     
   75.999998301267624       0.61424990491163256     
   76.079998299479485       0.61429378227075271     
   76.159998297691345       0.61439306950771544     
   76.239998295903206       0.61448240031832813     
   76.319998294115067       0.61455777609034423     
   76.399998292326927       0.61467912110368605     
   76.479998290538788       0.61486097957724828     
   76.559998288750648       0.61502832381173822     
   76.639998286962509       0.61515037211935653     
   76.719998285174370       0.61530388928732027     
   76.799998283386230       0.61542875541429287     
   76.879998281598091       0.61556727639441911     
   76.959998279809952       0.61573703784756628     
   77.039998278021812       0.61593428851997223     
   77.119998276233673       0.61608326289770554     
   77.199998274445534       0.61624260900582517     
   77.279998272657394       0.61633674056272103     
   77.359998270869255       0.61640999568029919     
   77.439998269081116       0.61651877093379670     
   77.519998267292976       0.61669803546725277     
   77.599998265504837       0.61684996246025525     
   77.679998263716698       0.61700041979098486     
   77.759998261928558       0.61717932837742007     
   77.839998260140419       0.61724052982287980     
   77.919998258352280       0.61720866419095255     
   77.999998256564140       0.61711403405644671     
   78.079998254776001       0.61709137064983410     
   78.159998252987862       0.61719527074952396     
   78.239998251199722       0.61719360241353405     
   78.319998249411583       0.61722157043125070     
   78.399998247623444       0.61735340429488295     
   78.479998245835304       0.61774731059934629     
   78.559998244047165       0.61823951889460194     
   78.639998242259026       0.61877253888058936     
   78.719998240470886       0.61920128675897090     
   78.799998238682747       0.61956583433650037     
   78.879998236894608       0.61999627782897648     
   78.959998235106468       0.62035284487997899     
   79.039998233318329       0.62063591873123081     
   79.119998231530190       0.62107388554699750     
   79.199998229742050       0.62154591412755322     
   79.279998227953911       0.62190413465350813     
   79.359998226165771       0.62231737049552194     
   79.439998224377632       0.62268341144835604     
   79.519998222589493       0.62285534268463383     
   79.599998220801353       0.62291513127294651     
   79.679998219013214       0.62278753320181102     
   79.759998217225075       0.62178526479631480     
   79.839998215436935       0.62150115735475997     
   79.919998213648796       0.62087536543338651     
